SET
Start: 0.5722270032510997
End: 1.0588793954583429

SAT
Start: 0.7110516564349317
End: 1.1906755969877665

C?TTLE
Start: 0.10072457930540639
End: 0.7568159312654725